#,2.1,
   10,    9,   10,    3,    3,    4,    3,   10,   10,    6,    4,    1,    1,    1,    1,    1,    1,    1,    1,    1,    1,    1,    1,    1,    1,    1,    1,    1,    1,    1,    1,    1,    1,    1,    1,    1,    1,    1,    1,    1,    1,    1,    1,    1,    1,    0,    1,    1,    1,    1,    1,    2,    1,    1,    1,    1,    1,    1,    1,    1,    1,    0,    1,    1,    1,
#,GEN,
         1,       0.282000,       0.282000,       0.282000,       0.282000,       0.282000,       0.282000,       0.282000,       0.000000,      10.000000,       0.100000,    9999.000000,       0.200000,       7.490000,       0.900000,       0.000000,       9.000000,       0.000000,'Generator1',
         2,       2.266000,       0.270000,       0.168000,       2.266000,       2.266000,       0.168000,       0.203000,       0.000000,       8.375000,       0.224000,    9999.000000,       1.660000,       4.249000,       0.900000,       0.000000,       9.000000,       0.000000,'Gen._2',
         3,       1.217000,       0.349000,       0.250000,       0.600000,       0.600000,       0.250000,       0.250000,       0.000000,       7.240000,       0.100000,    9999.000000,       0.200000,       9.014000,       0.900000,       0.000000,       9.000000,       0.000000,'GEN 3',
         4,       1.810000,       0.284000,       0.183000,       1.810000,       1.810000,       0.183000,       0.223000,       0.000000,       6.200000,       0.192000,    9999.000000,       1.890000,       6.672000,       0.900000,       0.000000,       9.000000,       0.000000,'GEN 4',
         5,       1.951000,       0.306000,       0.198000,       1.951000,       1.951000,       0.198000,       0.242000,       0.000000,       6.200000,       0.100000,    9999.000000,       0.500000,       6.149000,       0.900000,       0.000000,       9.000000,       0.000000,'GEN 5',
         6,       1.633000,       0.197000,       0.148000,       1.633000,       1.633000,       0.148000,       0.180000,       0.000000,       6.920000,       0.100000,    9999.000000,       0.200000,       2.620000,       0.900000,       0.000000,       9.000000,       0.000000,'GEN 6',
         7,       0.904000,       0.358000,       0.252000,       0.640000,       0.640000,       0.252000,       0.252000,       0.000000,       5.530000,       0.050000,    9999.000000,       0.050000,       7.692000,       0.900000,       0.000000,       9.000000,       0.000000,'GEN 7',
         8,       0.750000,       0.306000,       0.196000,       0.611000,       0.611000,       0.196000,       0.197000,       0.000000,       5.950000,       0.050000,    9999.000000,       0.050000,       8.393000,       0.900000,       0.000000,       9.000000,       0.000000,'GEN 8',
         9,       1.810000,       0.284000,       0.183000,       1.810000,       1.810000,       0.183000,       0.223000,       0.000000,       0.100000,       0.192000,    9999.000000,       1.890000,       6.672000,       0.900000,       0.000000,       9.000000,       0.000000,'GEN 4-2',
        10,       1.810000,       0.284000,       0.183000,       1.810000,       1.810000,       0.183000,       0.223000,       0.000000,       1.500000,       0.192000,    9999.000000,       1.890000,       6.672000,       0.900000,       0.000000,       9.000000,       0.000000,'GEN 4-3',
#,AVR1,
         1,       1.000000,      50.000000,       0.040000,       5.000000,       0.000000,       0.030000,       0.030000,       0.715000,       0.500000,'AVR 1-1',
         2,       1.000000,      20.000000,       0.000000,       5.000000,       0.000000,       0.000100,       0.000100,       0.715000,       0.500000,'AVR 1-2',
         3,       1.000000,      20.000000,       0.200000,       5.000000,       0.000000,       0.030000,       0.030000,   10000.000000,       0.500000,'AVR 1-3',
         4,       1.000000,      20.000000,       0.040000,       3.300000,       0.000000,       0.030000,       0.030000,       0.715000,       0.500000,'AVR 1-4',
         5,       1.000000,      20.000000,       0.000000,       3.300000,       0.000000,       0.030000,       0.030000,       0.715000,       0.500000,'AVR 1-5',
         6,       1.000000,      20.000000,       0.040000,       6.000000,       0.000000,       0.030000,       0.030000,       0.715000,       0.500000,'AVR 1-6',
         7,       1.000000,      21.500000,       0.000000,       4.000000,       0.000000,       0.030000,       0.030000,       0.715000,       0.050000,'AVR 1-7',
         8,       1.000000,      21.500000,       0.000000,       3.300000,       0.000000,       0.030000,       0.030000,       0.715000,       0.500000,'AVR 1-8',
         9,       0.000000,       0.000000,       0.040000,       5.000000,       0.000000,       0.030000,       0.030000,       0.715000,       0.500000,'AVRÍË³ö',
#,AVR2,
         1,       1.000000,      20.000000,    1,       0.917500,       1.082500,       1.000000,       0.000000,       0.000000,       3.300000,      -2.600000,       0.030000,       0.020000,       2.000000,       2.000000,       2.000000,       2.000000,'AVR 2-1',
         2,       1.000000,      20.000000,    1,       0.917500,       1.082500,       1.000000,       0.250000,       0.120000,       3.300000,      -2.600000,       0.030000,       0.020000,       2.000000,       2.000000,       2.000000,       2.000000,'AVR 2-2',
         3,       1.000000,      20.000000,    1,       0.000000,       0.000000,       1.000000,       0.250000,       0.020000,       3.300000,      -2.600000,       0.030000,       0.020000,       2.000000,       2.000000,       2.000000,       2.000000,'AVR 2-3',
         4,       1.000000,      20.000000,    1,       0.917500,       1.082500,       1.000000,       0.000000,       0.000000,       4.500000,      -3.600000,       0.030000,       0.020000,       2.000000,       2.000000,       2.000000,       2.000000,'AVR 2-4',
         5,       1.000000,     100.000000,    1,       0.983000,       1.017000,       1.000000,       0.250000,       0.120000,       3.300000,      -2.600000,       0.030000,       0.020000,       2.000000,       2.000000,       2.000000,       2.000000,'AVR 2-5',
         6,       1.000000,     100.000000,    1,       0.983000,       1.017000,       1.000000,       0.000000,       0.000000,       6.000000,      -4.800000,       0.030000,       0.020000,       2.000000,       2.000000,       2.000000,       2.000000,'AVR 2-6',
         7,       1.000000,      20.000000,    0,       0.917500,       1.082500,       1.000000,       0.250000,       0.120000,       3.300000,      -2.600000,       0.030000,       0.020000,       2.000000,       2.000000,       2.000000,       2.000000,'AVR 2-7',
         8,       1.000000,      20.000000,    0,       0.917500,       1.082500,       1.000000,       0.000000,       0.000000,       4.500000,      -3.600000,       0.030000,       0.020000,       2.000000,       2.000000,       2.000000,       2.000000,'AVR 2-8',
         9,       1.000000,      50.000000,    1,       0.967000,       1.033000,       1.000000,       0.000000,       0.000000,       4.500000,      -3.600000,       0.030000,       0.020000,       2.000000,       2.000000,       2.000000,       2.000000,'AVR 2-9',
        10,       1.000000,      20.000000,    1,       0.917500,       1.082500,       1.000000,       0.000000,       0.000000,       6.000000,      -4.800000,       0.030000,       0.020000,       2.000000,       2.000000,       2.000000,       2.000000,'AVR 2-10',
#,GOV1,
         1,      20.000000,       1.000000,       0.000000,       1.000000,      -1.000000,       1.000000,       0.000000,       0.002000,       1.000000,  100000.000000,       0.500000,       0.000000,       0.200000,  100000.000000,'GOV 1',
         2,      20.000000,       0.800000,       0.500000,       1.000000,      -1.000000,       1.000000,       0.000000,       0.002000,       1.000000,       5.000000,       5.000000,       1.000000,       0.500000,  100000.000000,'GOV 2',
         3,      20.000000,       1.000000,       0.000000,       1.000000,      -1.000000,       1.000000,       0.000000,       0.002000,       0.333000,  100000.000000,       0.500000,       0.000000,       0.200000,      10.000000,'GOV 3',
#,MOTO,
         1,       0.020000,       0.295000,       0.120000,       0.150000,       2.000000,       0.011600,       0.576000,       2.000000,       0.000000,       0.000000,'MOTOR 1',
         2,       0.020000,       0.295000,       0.120000,       0.150000,       4.000000,       0.011600,       0.576000,       2.000000,       0.000000,       0.000000,'MOTOR 2',
         3,       0.020000,       0.295000,       0.120000,       0.150000,       6.000000,       0.011600,       0.576000,       2.000000,       0.000000,       0.000000,'MOTOR 3',
#,SVC1,
         1,      50.000000,       1.200000,      -1.200000,       1.200000,      -1.200000,       0.050000,       0.050000,       0.001000,'SVC 1-1',
         2,      50.000000,       1.200000,      -1.200000,       0.600000,      -0.600000,       0.040000,       0.001000,       0.001000,'SVC 1-2',
         3,      30.000000,     100.000000,    -100.000000,       0.045000,      -0.045000,       0.050000,       0.005000,       0.001000,'SVC 1-3',
         4,      50.000000,     100.000000,    -100.000000,       2.400000,      -2.400000,       0.050000,       0.050000,       0.001000,'SVC 1-4',
#,SVC2,
         1,       0.041667,       0.020000,      -0.039583,       6.000000,'SVC 2-1',
         2,       0.041667,       0.020000,      -0.033333,       6.000000,'SVC 2-2',
         3,       0.041667,       0.020000,      -0.020833,       6.000000,'SVC 2-3',
#,PSS1,
         1,     200.000000,       0.000000,       0.000000,    0,       5.000000,      -5.000000,      10.000000,       0.300000,       0.050000,       0.300000,       0.050000,'PSS 1',
         2,      30.000000,       0.000000,       0.000000,    0,       0.100000,      -0.100000,      10.000000,       0.250000,       0.050000,       0.250000,       0.050000,'PSS 2',
         3,       0.000000,       0.600000,       0.000000,    0,       0.100000,      -0.100000,      10.000000,       0.250000,       0.250000,       0.250000,       0.250000,'PSS 3',
         4,       0.000000,       0.800000,       0.000000,    0,       0.100000,      -0.100000,      10.000000,       0.250000,       0.250000,       0.250000,       0.250000,'PSS 4',
         5,       0.000000,       1.200000,       0.000000,    0,       0.100000,      -0.100000,      10.000000,       0.250000,       0.250000,       0.250000,       0.250000,'PSS 5',
         6,       7.200000,       1.200000,       0.000000,    0,       0.100000,      -0.100000,      10.000000,       0.250000,       0.250000,       0.250000,       0.250000,'PSS 6',
         7,       3.600000,       0.600000,       0.000000,    0,       0.100000,      -0.100000,      10.000000,       0.250000,       0.250000,       0.250000,       0.250000,'PSS 7',
         8,      10.600000,       0.120000,       0.000000,    0,       0.100000,      -0.100000,      10.000000,       0.250000,       0.050000,       0.250000,       0.050000,'PSS 8',
         9,      26.000000,       0.300000,       0.000000,    0,       0.100000,      -0.100000,      10.000000,       0.250000,       0.050000,       0.250000,       0.050000,'PSS 9',
        10,      52.000000,       0.600000,       0.000000,    0,       0.100000,      -0.100000,      10.000000,       0.250000,       0.050000,       0.250000,       0.050000,'PSS 10',
#,LOAD,
         1,       0.000000,       0.000000,       1.000000,       0.000000,       2.000000,       0.000000,       0.000000,       1.000000,       0.000000,       2.000000,'LOAD 1',
         2,       1.000000,      -1.400000,       1.400000,       2.000000,       2.000000,       3.330000,      -4.660000,       2.330000,       1.000000,       2.000000,'LOAD 2',
         3,       1.000000,      -1.400000,       1.400000,       2.000000,       2.000000,       4.170000,      -5.830000,       2.660000,       1.000000,       2.000000,'LOAD 3',
         4,       1.000000,      -1.400000,       1.400000,       2.000000,       2.000000,       5.000000,      -7.000000,       3.000000,       1.000000,       2.000000,'LOAD 4',
         5,       1.330000,      -1.860000,       1.530000,       2.000000,       2.000000,       5.830000,      -8.160000,       3.330000,       1.000000,       2.000000,'LOAD 5',
         6,       1.330000,      -1.860000,       1.530000,       2.000000,       2.000000,       6.660000,      -9.320000,       3.660000,       1.000000,       2.000000,'LOAD 6',
         7,       0.000000,       1.000000,       0.000000,       0.000000,       2.000000,       0.000000,       0.000000,       1.000000,       0.000000,       2.000000,'LOAD 7',
         8,       0.000000,       0.000000,       1.000000,       0.000000,       2.000000,       0.000000,       0.000000,       1.000000,       0.000000,       2.000000,'LOAD 8',
         9,       0.000000,       1.000000,       0.000000,       0.000000,       2.000000,       0.000000,       1.000000,       0.000000,       0.000000,       2.000000,'LOAD 9',
        10,       1.000000,       0.000000,       0.000000,       0.000000,       2.000000,       1.000000,       0.000000,       0.000000,       0.000000,       2.000000,'LOAD 10',
#,DC,
         1,0.000000,0.000000,       3.000000,       0.500000,       0.625000,       0.375000,'D.C 1',
         2,0.000000,0.000000,       3.000000,       0.500000,       0.625000,       0.375000,'D.C 2',
         3,0.000000,0.000000,       0.030000,       0.030000,       0.030000,       0.008430,'D.C 3',
         4,0.000000,0.000000,       0.030000,       0.030000,       0.030000,       0.013430,'D.C 4',
         5,0.000000,0.000000,       0.020000,       0.020000,       0.020000,       0.112330,'D.C 5',
         6,0.000000,0.000000,       0.020000,       0.020000,       0.020000,       0.000500,'D.C 6',
#,AVR310,
         1,       0.000000,       0.030000,     500.000000,       1.000000,      60.000000,       7.000000,      20.000000,       0.100000,       1.000000,       0.020000,   99999.000000,  -99999.000000,       0.000000,       1.200000,       2.000000,       1.000000,       0.020000,      20.000000,     -20.000000,       1.000000,       1.500000,   99999.000000,       0.000000,       0.397900,       0.100000,       1.700000,   99999.000000,    1,   99999.000000,  -99999.000000,   99999.000000,  -99999.000000,    0,    2,    0,    0,    1,    0,    0,    1,    0,'',
         2,       0.000000,       0.030000,     500.000000,       1.000000,       0.030000,       0.030000,       0.100000,       0.100000,       1.000000,       0.020000,   99999.000000,  -99999.000000,      25.000000,       1.200000,       2.000000,       1.000000,       0.020000,      20.000000,     -20.000000,       1.000000,       1.500000,   99999.000000,       0.000000,       0.397900,       0.100000,       1.700000,   99999.000000,    0,   99999.000000,  -99999.000000,   99999.000000,  -99999.000000,    0,    1,    0,    0,    1,    0,    0,    1,    0,'',
         3,       0.000000,       0.030000,     500.000000,       1.000000,       0.030000,       0.030000,       0.100000,       0.100000,       1.000000,       0.020000,   99999.000000,  -99999.000000,       0.000000,       1.200000,       2.000000,       1.000000,       0.020000,      20.000000,     -20.000000,       1.000000,       1.500000,   99999.000000,       0.000000,       0.397900,       0.100000,       1.700000,   99999.000000,    0,   99999.000000,  -99999.000000,   99999.000000,  -99999.000000,    0,    1,    0,    1,    1,    3,    0,    1,    0,'',
         4,       0.000000,       0.030000,     500.000000,       1.000000,       0.030000,       0.030000,       0.100000,       0.100000,       1.000000,       0.020000,   99999.000000,  -99999.000000,       0.000000,       1.200000,       2.000000,       1.000000,       0.020000,      20.000000,     -20.000000,       1.000000,       1.500000,   99999.000000,       0.000000,       0.397900,       0.100000,       1.700000,   99999.000000,    0,   99999.000000,  -99999.000000,   99999.000000,  -99999.000000,    0,    1,    0,    1,    1,    4,    0,    1,    0,'',
#,AVR1112,
         1,       0.000000,       0.030000,      50.000000,       1.000000,       1.000000,      10.000000,       0.800000,       0.100000,       1.000000,       0.020000,   99999.000000,  -99999.000000,       0.050000,       1.200000,       5.000000,      -3.500000,       0.100000,    0,    0,    9999.900000,   -9999.900000,    9999.900000,   -9999.900000,    0,    1,    0,    0,    1,    0,    0,    1,    0,'',
#,PSS2,
         1,       0.000000,       0.000000,       0.000000,       0.000000,       0.000000,       0.000000,       0.000000,       0.000000,       0.000000,       0.000000,       0.000000,       0.000000,       0.000000,      -0.100000,'',
#,CLOAD,
         1,       0.000000,       0.000000,       0.000000,       0.000000,       0.000000,       0.000000,       0.000000,       0.000000,       0.000000,       0.000000,       0.000000,       0.000000,       0.000000,       0.000000,'',
#,DLOAD,
         1,    1,       0.000000,       0.000000,       0.000000,       0.000000,       0.000000,       0.000000,       0.000000,       0.000000,       0.000000,       0.000000,'',
#,PSS3,
         1,       0.000000,       0.000000,       0.000000,       0.000000,       0.000000,       0.000000,       0.000000,       0.000000,       0.000000,       0.000000,       0.000000,       0.000000,       0.000000,       0.000000,       0.000000,    0,       0.000000,       0.000000,'',
#,GOV2,
         1,       0.000000,       0.000000,       0.000000,       0.000000,       0.000000,       0.000000,       0.000000,       0.000000,       0.000000,       0.000000,       0.000000,       0.000000,       0.000000,       0.000000,       0.000000,       0.000000,       0.000000,       0.000000,       0.000000,       0.000000,       0.000000,       0.000000,       0.000000,       0.000000,'',
#,GOV3,
         1,       0.000000,       0.000000,       0.000000,    1,       0.000000,       0.000000,       0.000000,       0.000000,       0.000000,       0.000000,       0.000000,    1,       0.000000,       0.000000,    1,       0.000000,       0.000000,       0.000000,       0.000000,       0.000000,       0.000000,       0.000000,       0.000000,       0.000000,       0.000000,       0.000000,       0.000000,       0.000000,       0.000000,       0.000000,       0.000000,       0.000000,       0.000000,       0.000000,       0.000000,       0.000000,       0.000000,       0.000000,       0.000000,       0.000000,       0.000000,       0.000000,       0.000000,       0.000000,       0.000000,       0.000000,       0.000000,       0.000000,       0.000000,       0.000000,       0.000000,       0.000000,       0.000000,'',
#,GOV4,
         1,       0.000000,       0.000000,       0.000000,    1,       0.000000,       0.000000,       0.000000,       0.000000,       0.000000,       0.000000,       0.000000,       0.000000,       0.000000,       0.000000,       0.000000,       0.000000,       0.000000,       0.000000,       0.000000,       0.000000,       0.000000,       0.000000,       0.000000,       0.000000,       0.000000,       0.000000,       0.000000,       0.000000,       0.000000,       0.000000,       0.000000,       0.000000,       0.000000,       0.000000,       0.000000,       0.000000,       0.000000,       0.000000,       0.000000,       0.000000,       0.000000,       0.000000,       0.000000,'',
#,GOV5,
         1,       0.000000,       0.000000,    0,       0.000000,       0.000000,    1,       0.000000,       0.000000,       0.000000,       0.000000,       0.000000,       0.000000,       0.000000,       0.000000,       0.000000,       0.000000,       0.000000,       0.000000,       0.000000,       0.000000,       0.000000,       0.000000,       0.000000,       0.000000,       0.000000,       0.000000,       0.000000,       0.000000,       0.000000,       0.000000,       0.000000,       0.000000,       0.000000,       0.000000,       0.000000,       0.000000,       0.000000,       0.000000,       0.000000,       0.000000,       0.000000,       0.000000,       0.000000,       0.000000,'',
#,SVC3,
         1,       0.000000,       0.000000,       0.000000,       0.000000,    1,    1,       0.000000,       0.000000,       0.000000,       0.000000,       0.000000,       0.000000,       0.000000,       0.000000,       0.000000,       0.000000,       0.000000,       0.000000,       0.000000,       0.000000,    0,    1,       0.000000,       0.000000,       0.000000,       0.000000,       0.000000,       0.000000,    1,       0.000000,       0.000000,       0.000000,       0.000000,       0.000000,'',
#,AVR13,
         1,       0.000000,       0.000000,       0.000000,       0.000000,       0.000000,       0.000000,       0.000000,       0.000000,       0.000000,       0.000000,       0.000000,       0.000000,       0.000000,       0.000000,       0.000000,       0.000000,'',
#,SLM,
         1,       0.000000,       0.000000,    1,       0.000000,       0.000000,       0.000000,       0.000000,       0.000000,       0.000000,       0.000000,       0.000000,       0.000000,       0.000000,       0.000000,       0.000000,       0.000000,       0.000000,       0.000000,       0.000000,       0.000000,    0,       0.000000,       0.000000,       0.000000,       0.000000,    0,    0,    0,    0,    0,    0,    0,    0,    1,'',
#,PSS4,
         1,       0.000000,       0.000000,       0.000000,       0.000000,       0.000000,       0.000000,       0.000000,       0.000000,       0.000000,       0.000000,       0.000000,       0.000000,       0.000000,       0.000000,       0.000000,       0.000000,       0.000000,       0.000000,       0.000000,       0.000000,       0.000000,       0.000000,       0.000000,'',
#,AVR14,
         1,       0.000000,       0.000000,       0.000000,       0.000000,       0.000000,       0.000000,       0.000000,       0.000000,       0.000000,       0.000000,       0.000000,       0.000000,       0.000000,       0.000000,       0.000000,       0.000000,       0.000000,       0.000000,       0.000000,'',
#,PSS5,
         1,       0.000000,       0.000000,       0.000000,       0.000000,       0.000000,       0.000000,       0.000000,       0.000000,       0.000000,       0.000000,       0.000000,       0.000000,       0.000000,'',
#,TCSC,
         1,       0.000000,       0.000000,       0.000000,       0.000000,       0.000000,       0.000000,       0.000000,       0.000000,       0.000000,       0.000000,       0.000000,       0.000000,       0.000000,       0.000000,       0.000000,       0.000000,       0.000000,       0.000000,       0.000000,       0.000000,       0.000000,       0.000000,       0.000000,       0.000000,       1.000000,       0.000000,       0.000000,       0.000000,       0.000000,       0.000000,       0.000000,       0.000000,       0.000000,       0.000000,       0.000000,       0.000000,       0.000000,       0.000000,       0.000000,    1,    0,       0.000000,       0.000000,       0.000000,       0.000000,       0.000000,       0.000000,       0.000000,       0.000000,    0,'',
#,WGMOT,
         1,       0.000000,    0,   -0.419090000000000,    0.218080000000000,   -0.012406000000000,   -0.000133650000000,    0.000011524000000,   -0.067606000000000,    0.060405000000000,   -0.013934000000000,    0.001068300000000,   -0.000023895000000,    0.015727000000000,   -0.010996000000000,    0.002149500000000,   -0.000148550000000,    0.000002793700000,   -0.000860180000000,    0.000570510000000,   -0.000104790000000,    0.000005992400000,   -0.000000089194000,    0.000014787000000,   -0.000009483900000,    0.000001616700000,   -0.000000071535000,    0.000000000496860,      35.200000,       1.246000,       1.500000,    1200.000000,      15.400000,       0.000000,       0.000000,       0.000000,       1.225000,       1.200000,       0.000000,       0.000000,       0.000000,      10.000000,    1,       0.000000,       0.000000,       0.000000,       0.000000,'',
#,WGGE,
         1,       0.000000,    1,   -0.419090000000000,    0.218080000000000,   -0.012406000000000,   -0.000133650000000,    0.000011524000000,   -0.067606000000000,    0.060405000000000,   -0.013934000000000,    0.001068300000000,   -0.000023895000000,    0.015727000000000,   -0.010996000000000,    0.002149500000000,   -0.000148550000000,    0.000002793700000,   -0.000860180000000,    0.000570510000000,   -0.000104790000000,    0.000005992400000,   -0.000000089194000,    0.000014787000000,   -0.000009483900000,    0.000001616700000,   -0.000000071535000,    0.000000000496860,       0.000000,       0.000000,       0.000000,       0.000000,       0.000000,       0.000000,       0.000000,       0.500000,       0.000000,       1.200000,       0.000000,       0.000000,       0.000000,       0.000000,    2,     150.000000,      25.000000,       0.300000,      27.000000,       0.000000,      10.000000,     -10.000000,       1.120000,       0.100000,       0.450000,      -0.450000,       3.000000,      30.000000,       3.000000,       0.600000,       0.050000,       0.050000,       0.150000,      20.000000,       2.000000,       0.050000,      30.000000,       0.000000,       0.000000,       0.300000,      -0.350000,       1.100000,       0.900000,       1.100000,    1,       1.000000,       0.020000,       0.550000,       0.000000,       0.000000,'',
#,WDGEN1,
         1,       2.000000,    1,   -0.419090000000000,    0.218080000000000,   -0.012406000000000,   -0.000133650000000,    0.000011524000000,   -0.067606000000000,    0.060405000000000,   -0.013934000000000,    0.001068300000000,   -0.000023895000000,    0.015727000000000,   -0.010996000000000,    0.002149500000000,   -0.000148550000000,    0.000002793700000,   -0.000860180000000,    0.000570510000000,   -0.000104790000000,    0.000005992400000,   -0.000000089194000,    0.000014787000000,   -0.000009483900000,    0.000001616700000,   -0.000000071535000,    0.000000000496860,      35.200000,       1.390000,       2.300000,    1500.000000,      15.400000,       8.660000,       1.920000,       0.500000,       1.225000,       1.200000,       3.000000,      25.000000,      11.800000,       0.000000,    1,     150.000000,      25.000000,       0.300000,      27.000000,       0.000000,      10.000000,     -10.000000,       1.120000,       0.040000,       0.450000,      -0.450000,       3.000000,      30.000000,       3.000000,       0.600000,       0.050000,       0.020000,       0.050000,      18.000000,       5.000000,       0.100000,      40.000000,       0.436000,      -0.436000,       1.450000,       0.500000,       1.100000,       0.900000,       1.100000,    1,       0.000000,       0.020000,       0.800000,       0.000000,       0.000000,       0.400000,       0.900000,       1.220000,      10.000000,       0.150000,       0.750000,       0.700000,       2.500000,       1.300000,       1.100000,       0.020000,       1.330000,       0.000000,       1.000000,       0.150000,       0.050000,      -0.100000,       0.100000,       0.700000,       5.000000,       0.040000,       0.000000,       1.000000,       0.150000,       1.000000,       0.950000,       0.400000,       0.960000,       0.996000,       1.004000,       1.040000,       1.000000,       0.200000,      10.000000,       0.002500,       1.000000,       5.500000,       0.100000,      -1.000000,       0.100000,       0.000000,       0.000000,       0.000000,       0.000000,       0.000000,       0.000000,       0.000000,       1.000000,       1.000000,       0.000000,    0,    0,    1,    1,    0,    0,    0,    0,       0.000000,       0.000000,       0.000000,       0.000000,       0.000000,       0.000000,       0.000000,       0.000000,       0.000000,       0.000000,       0.000000,       0.000000,       0.000000,       0.000000,       0.000000,       0.000000,       0.000000,       0.000000,       0.000000,'',
#,WDGEN2,
         2,       3.000000,    2,   -0.419090000000000,    0.218080000000000,   -0.012406000000000,   -0.000133650000000,    0.000011524000000,   -0.067606000000000,    0.060405000000000,   -0.013934000000000,    0.001068300000000,   -0.000023895000000,    0.015727000000000,   -0.010996000000000,    0.002149500000000,   -0.000148550000000,    0.000002793700000,   -0.000860180000000,    0.000570510000000,   -0.000104790000000,    0.000005992400000,   -0.000000089194000,    0.000014787000000,   -0.000009483900000,    0.000001616700000,   -0.000000071535000,    0.000000000496860,      35.200000,       3.860000,       1.500000,    1375.000000,      15.400000,       6.720000,       1.640000,       0.500000,       1.225000,       1.200000,       3.000000,      25.000000,      11.800000,       0.000000,    1,     150.000000,      25.000000,       0.300000,      27.000000,       0.000000,      10.000000,     -10.000000,       1.120000,       0.040000,       0.450000,      -0.450000,       3.000000,      30.000000,       0.300000,       0.100000,       0.050000,       0.020000,       0.050000,      18.000000,       5.000000,       0.100000,     120.000000,       0.400000,      -0.400000,       1.450000,       0.500000,       1.100000,       0.900000,       1.100000,    1,       0.000000,       0.020000,       0.550000,       0.000000,       0.000000,       0.400000,       0.900000,       1.220000,      10.000000,       0.150000,       0.750000,       0.700000,       2.500000,       1.300000,       1.100000,       0.020000,       1.330000,       0.000000,       1.000000,       0.150000,       0.050000,      -0.100000,       0.100000,       0.700000,       5.000000,       0.040000,       0.000000,       1.000000,       0.150000,       1.000000,       0.950000,       0.400000,       0.960000,       0.996000,       1.004000,       1.040000,       1.000000,       0.200000,      10.000000,       0.002500,       1.000000,       5.500000,       0.100000,      -1.000000,       0.100000,       0.000000,       1.240000,       1.250000,       0.200000,      10.000000,       1.700000,       1.600000,       1.000000,       1.000000,       0.000000,    0,    1,    1,    1,    0,    0,    1,    0,       0.000000,       0.000000,       0.000000,       0.000000,       0.000000,       0.000000,       0.000000,       0.000000,       0.020000,       0.000000,       0.000000,       0.000000,       0.000000,       0.000000,       0.000000,       0.000000,       0.000000,       0.000000,       0.000000,'222',
#,CSR,
         1,       0.000000,    0,       0.000000,       0.000000,       0.000000,       0.000000,       0.000000,       0.000000,       0.000000,       0.000000,       0.000000,       0.000000,       0.000000,       0.000000,       0.000000,       0.000000,       0.000000,       0.000000,       0.000000,       0.000000,       0.000000,       0.000000,       0.000000,       0.000000,       0.000000,       0.000000,       0.000000,'',
#,STM,
         1,       0.000000,       0.000000,       0.000000,       0.000000,       0.000000,       0.000000,       0.000000,       0.000000,       0.000000,       0.000000,       0.000000,       0.000000,       0.000000,       0.000000,       0.000000,       0.000000,       0.000000,       0.000000,       0.000000,       0.000000,       0.000000,    0,    1,       0.000000,       1.000000,       0.000000,       0.000000,       0.000000,       0.000000,    1,       0.000000,       0.000000,       0.000000,       0.000000,       0.000000,'',
#,GOV6,
         1,   99999.000000,       0.000000,       0.000000,       0.000000,       0.000000,       0.000000,       0.000000,       0.000000,'',
#,DS1,
         1,       0.000000,       0.000000,       0.000000,       0.000000,       0.000000,       0.000000,       0.000000,       0.000000,       0.000000,       0.000000,       0.000000,       0.000000,       0.000000,       0.000000,       0.000000,       0.000000,   99999.000000,  -99999.000000,'',
#,NRPSS,
         6,       0.000000,       0.000000,       0.000000,       0.000000,       0.000000,       0.000000,       0.000000,       0.000000,       0.000000,       0.000000,       0.000000,       0.000000,       0.000000,       0.000000,       0.000000,       0.000000,'dda',
#,GOV7,
         1,    0,    0,    0,       0.000000,       0.000000,       0.000000,   99999.000000,  -99999.000000,       1.000000,       0.000000,       0.000000,       0.000000,       0.000000,   99999.000000,  -99999.000000,       0.000000,       0.000000,       0.000000,       0.000000,   99999.000000,  -99999.000000,       0.000000,       0.000000,       0.000000,       0.000000,   99999.000000,  -99999.000000,   99999.000000,  -99999.000000,       0.000000,       0.000000,       0.000000,       0.000000,       0.000000,       0.000000,       0.000000,       0.000000,       0.000000,       0.000000,       0.000000,   99999.000000,  -99999.000000,   99999.000000,  -99999.000000,       0.000000,       0.000000,    0,       0.000000,       0.000000,       0.000000,       0.000000,       0.000000,    2,   99999.900000,  -99999.900000,   99999.900000,  -99999.900000,   99999.900000,  -99999.900000,'',
#,DS2,
         1,       0.000000,       0.000000,       0.000000,       0.000000,       0.000000,       0.000000,       0.000000,       0.000000,   99999.000000,  -99999.000000,'',
#,SVC4,
         1,       0.000000,       0.000000,       0.000000,       0.000000,       0.000000,       0.000000,       0.000000,       0.000000,       0.000000,       0.000000,       0.000000,       0.000000,       0.000000,       0.000000,    9999.000000,    9999.000000,       0.060000,       0.000000,       0.000000,       0.000000,       0.000000,    9999.000000,    9999.000000,   -9999.000000,       0.000000,       1.100000,      -1.100000,    9999.000000,    9999.000000,   -9999.000000,       0.000000,       1.100000,      -1.100000,       0.000000,    9999.000000,    9999.000000,       0.500000,       0.500000,       0.300000,       0.000000,       0.500000,       0.500000,    0,       0.000000,'',
#,SGEN,
         1,       0.000000,       0.000000,       0.000000,       0.000000,       0.000000,       0.000000,       0.000000,       0.000000,       0.000000,       0.000000,       0.000000,       0.000000,       0.000000,       0.000000,       0.000000,       0.000000,       0.000000,       0.000000,       0.000000,       0.000000,       0.000000,       0.000000,       0.000000,       0.000000,       0.000000,       0.000000,       0.000000,       0.000000,       0.000000,       0.000000,       0.000000,       0.000000,       0.000000,       0.000000,       0.000000,       0.000000,       0.000000,       0.000000,       0.000000,       0.000000,       0.000000,       0.000000,       0.000000,       0.000000,       0.000000,       0.000000,       0.000000,       0.000000,       0.000000,       0.000000,       0.000000,       0.000000,       0.000000,    0,'',
#,DS3,
         1,       0.000000,       1.000000,       0.000000,       0.000000,       1.000000,       1.000000,      -1.000000,   99999.000000,  -99999.000000,   99999.000000,  -99999.000000,       0.000000,       1.000000,       0.000000,       0.000000,       0.000000,       1.000000,      -1.000000,   99999.000000,  -99999.000000,   99999.000000,  -99999.000000,'',
#,GOV8,
         1,       0.000000,       0.000000,       0.000000,       0.000000,    9999.900000,   -9999.900000,    9999.900000,   -9999.900000,    2,       0.000000,       0.000000,       1.000000,       0.000000,    9999.900000,   -9999.900000,    9999.900000,   -9999.900000,       0.000000,       0.000000,       0.000000,       0.000000,    9999.900000,   -9999.900000,    9999.900000,   -9999.900000,    1,    2,       0.000000,       0.000000,       0.000000,       0.000000,    9999.900000,   -9999.900000,       0.000000,       0.000000,       0.000000,       0.000000,    9999.900000,   -9999.900000,    9999.900000,   -9999.900000,       1.000000,       0.000000,       0.000000,       0.000000,       0.000000,       0.000000,       0.000000,    9999.900000,   -9999.900000,       0.000000,       0.000000,       0.000000,       1.000000,       1.000000,       0.000000,       0.000000,    9999.900000,   -9999.900000,    9999.900000,   -9999.900000,       0.000000,       0.000000,       0.000000,       0.000000,      -1.000000,       1.000000,    9999.900000,   -9999.900000,       0.300000,       0.250000,       0.700000,       0.850000,       1.000000,       1.000000,       1.000000,       1.000000,       0.000000,    9999.900000,   -9999.900000,       0.030000,       0.050000,       0.100000,       0.000000,       0.000000,       0.000000,       0.000000,       0.000000,       0.000000,'',
#,GOV9,
         1,       0.000000,       0.000000,       0.000000,    1,       0.000000,       0.000000,       0.000000,       0.000000,       0.000000,       0.000000,       0.000000,       0.000000,       0.000000,       0.000000,       0.000000,       0.000000,       0.000000,       0.000000,       0.000000,       0.000000,       0.000000,       0.000000,       0.000000,       0.000000,       0.000000,       0.000000,       0.000000,       0.000000,       0.000000,       0.000000,       0.000000,       0.000000,       0.000000,       0.000000,       0.000000,       0.000000,       0.000000,       0.000000,       0.000000,       0.000000,       0.000000,       0.000000,       0.000000,       0.000000,       0.000000,       0.000000,       0.000000,    9999.900000,   -9999.900000,'',
#,DC1,
         1,       0.150000,       0.012000,      17.000000,      12.000000,      25.000000,       0.001100,       0.850000,       0.700000,      30.000000,      30.000000,       1.800000,       0.050000,       0.110000,       0.150000,       0.000000,    0,    0,    0,    0,       0.250000,       0.700000,       0.040000,       0.015000,       0.345000,       0.100000,       0.001100,      30.000000,       3.000000,       0.001000,       0.055000,       0.900000,       0.020000,      60.000000,    0,      70.000000,       7.000000,       1.243000,    9999.000000,       1.050000,    9999.000000,       0.030000,    0,       0.002000,       0.800000,      95.000000,       0.060000,       0.800000,       0.030000,       0.020000,      10.000000,'',
#,PSS7,
         1,       0.000127,       0.017823,       0.001759,      82.000000,     161.000000,      80.000000,      80.000000,       0.020000,       1.000000,       1.000000,       1.000000,       0.000000,       0.000000,       0.000000,       0.000000,       0.000000,       0.000000,       0.000000,       0.000000,       0.000000,       0.000000,       0.000000,       0.000000,       0.000000,       0.000000,    9999.900000,   -9999.900000,       1.000000,       1.000000,       1.000000,       0.000000,       0.000000,       0.000000,       0.000000,       0.000000,       0.000000,       0.000000,       0.000000,       0.000000,       0.000000,       0.000000,       0.000000,       0.000000,       0.000000,    9999.900000,   -9999.900000,       1.000000,       1.000000,       1.000000,       0.000000,       0.000000,       0.000000,       0.000000,       0.000000,       0.000000,       0.000000,       0.000000,       0.000000,       0.000000,       0.000000,       0.000000,       0.000000,       0.000000,    9999.900000,   -9999.900000,    9999.900000,   -9999.900000,'bbb',
#,GOV10,
         1,       0.000000,       0.000000,       0.000000,       0.000000,       0.000000,    9999.900000,   -9999.900000,       0.000000,       0.000000,       0.000000,       0.000000,    9999.000000,   -9999.000000,    9999.000000,   -9999.000000,    0,    0,    0,       0.000000,       0.000000,       0.000000,       1.000000,    9999.000000,   -9999.000000,       0.000000,       0.000000,    9999.000000,   -9999.000000,       0.000000,       0.000000,       0.000000,       0.000000,       0.000000,       0.000000,       0.000000,       0.000000,       0.000000,       0.000000,       0.000000,       0.000000,       0.000000,       0.000000,       0.000000,       0.000000,       0.000000,    9999.900000,   -9999.900000,    9999.900000,   -9999.900000,       0.000000,       0.000000,       0.000000,    0,       0.000000,       0.000000,       0.000000,    9999.900000,   -9999.900000,    9999.900000,    9999.900000,       0.000000,       0.000000,       0.000000,       0.000000,       0.000000,       0.000000,    9999.900000,   -9999.900000,       0.000000,       0.000000,       0.000000,       0.000000,       0.000000,       0.000000,       0.000000,       0.000000,       0.000000,       0.000000,       0.000000,       0.000000,       1.000000,       1.000000,       0.000000,       0.000000,       0.000000,       0.000000,    9999.900000,   -9999.900000,    9999.900000,   -9999.900000,       0.000000,       0.000000,       0.000000,       0.000000,       0.000000,       0.000000,    9999.900000,   -9999.900000,       0.000000,       0.000000,       0.000000,       0.000000,       0.000000,       0.000000,       0.000000,       0.000000,       0.000000,       0.000000,       0.000000,       0.000000,       0.000000,       0.000000,       0.000000,       0.000000,       0.000000,       0.000000,       0.000000,       0.000000,       0.000000,       0.000000,       0.000000,       0.000000,    0,'aaa',
#,AVR16,
         1,       0.020000,       0.000000,       0.000000,    9999.000000,   -9999.000000,       0.000000,       0.000000,       0.000000,       0.000000,       0.000000,       0.000000,       0.000000,       0.000000,    9999.000000,   -9999.000000,    9999.000000,   -9999.000000,       0.000000,       0.000000,    9999.000000,   -9999.000000,    0,       1.000000,       0.500000,       0.100000,       1.100000,       1.050000,       1.000000,       0.000000,       0.500000,    0,    0,       1.000000,       1.000000,       0.000000,       0.000000,       0.000000,       1.000000,       0.000000,       0.000000,      -0.250000,       0.000000,       0.000000,       0.000000,       0.000000,       0.000000,       0.000000,       0.000000,       0.000000,       0.000000,       0.000000,    0,       0.500000,       0.100000,       1.000000,       1.050000,       1.000000,       0.000000,       0.500000,       1.000000,       1.000000,       0.000000,       0.000000,       0.000000,       0.000000,       0.000000,      25.000000,       5.000000,       0.000000,      -0.250000,       0.000000,       0.000000,       0.000000,       0.000000,       0.000000,       0.000000,       0.000000,       0.000000,       0.000000,       0.000000,'',
#,LE1,
         1,       5.000000,       1.000000,       0.000000,       0.000000,       0.000000,       0.000000,       0.000000,       0.000000,       0.000000,       0.000000,       0.000000,       0.000000,       0.000000,       0.000000,       0.000000,       0.000000,       0.000000,       0.500000,       0.500000,       0.060000,       1.562500,      10.000000,       0.000000,      60.000000,       0.050000,       0.000000,       3.125000,       1.000000,'',
#,VSC2,
         1,    1,    1,       0.000000,       3.000000,       0.120000,       3.000000,       0.120000,       2.000000,      -2.000000,       2.000000,      -2.000000,       2.000000,      -2.000000,       2.000000,      -2.000000,    1,    1,      50.000000,       0.140000,       1.600000,       0.140000,      80.000000,       0.140000,       0.000000,       0.000000,       0.000000,       0.000000,       0.000000,       0.000000,       1.100000,      -1.100000,       1.100000,      -1.100000,       1.100000,      -1.100000,       1.100000,      -1.100000,       1.100000,      -1.100000,       1.100000,      -1.100000,       0.900000,       1.100000,      30.000000,       1.000000,    1,       0.000000,       0.000000,       1.100000,      -1.100000,       0.000000,       0.000000,       1.100000,      -1.100000,    0,       1.000000,       0.000000,    0,       1.600000,       0.140000,       1.100000,      -1.100000,       1.100000,      -1.100000,       1.600000,       0.140000,       1.100000,      -1.100000,       1.100000,      -1.100000,       1.100000,       1.500000,       0.500000,       1.100000,       0.950000,       1.100000,       1.500000,       1.100000,       0.020000,    0,       0.000000,       0.000000,       0.000000,       0.000000,       0.000000,       0.000000,       1.150000,       0.850000,       1.060000,       0.940000,       1.040000,       0.960000,       2.000000,       1.120000,       0.880000,       1.080000,       0.920000,       1.005000,       0.995000,       1.002500,       0.997500,       1.600000,       0.140000,       1.100000,      -1.100000,       0.000000,       0.000000,       1.100000,      -1.100000,       0.000100,    9999.000000,       0.000000,       0.000000,       1.500000,       1.500000,       1.250000,       0.800000,       0.100000,       0.100000,       0.010000,       0.010000,       1.300000,      10.000000,       1.500000,       0.005000,       0.400000,       0.005000,       0.300000,       0.500000,     100.000000,       1.000000,       0.300000,       0.500000,     100.000000,       1.000000,     100.000000,    1,      -1.000000,       1.000000,       0.020000,       1.100000,       1.500000,       0.900000,       1.500000,       0.000000,       0.000000,       1.000000,  100000.000000,       0.000000,       0.900000,       0.000000,      10.000000,    9999.000000,   -9999.000000,    9999.000000,   -9999.000000,       0.000000,       0.000000,    9999.000000,   -9999.000000,    9999.000000,   -9999.000000,       0.000000,       0.000000,       0.000000,       0.000000,       0.000000,       0.000000,       0.000000,       0.000000,       0.000000,       0.000000,       0.000000,       0.000000,       0.000000,       0.000000,       0.000000,       0.000000,       0.000000,       0.000000,       0.000000,       0.000000,       0.000000,       0.000000,       0.000000,       0.000000,       0.000000,       0.000000,       0.000000,       0.000000,       0.000000,       1.000000,       0.000000,       0.000000,       0.000000,       0.000000,       1.500000,       0.900000,       1.500000,       0.000000,    0,       0.000000,       0.000000,       0.000000,       0.000000,       0.000000,       0.000000,    0,    0,    1,    0,    1,    0,    1,    0,    1,    1,    9999.000000,   -9999.000000,       0.000000,    9999.000000,    9999.000000,   -9999.000000,       0.000000,       0.000000,       0.000000,       0.000000,       0.000000,       0.000000,       0.000000,   -9999.000000,   -9999.000000,   -9999.000000,   -9999.000000,       1.000000,       1.000000,       1.000000,       1.000000,    0,    0,    0,    0,    0,    0,    0,    0,    0,    0,    0,    0,    0,       0.000000,       0.000000,    0,       0.000000,       0.000000,       0.000000,       0.000000,       0.000000,       0.000000,       0.000000,       0.000000,    0,       0.000000,       0.000000,       0.000000,       0.000000,       0.000000,       0.000000,       0.000000,       0.000000,       0.000000,       0.000000,       0.000000,    0,    0,    0,       0.000000,       0.000000,       0.000000,       0.000000,    0,       0.000000,       0.000000,       0.000000,       0.000000,       0.000000,       0.000000,       0.000000,    0,       0.000000,       0.000000,       0.000000,       0.000000,       0.000000,       0.000000,    0,    9999.000000,    9999.000000,       1.000000,      10.000000,    0,       0.000000,       0.000000,       0.000000,       0.000000,       0.000000,       0.000000,       0.000000,       0.000000,       0.000000,       0.000000,       0.000000,   99999.000000,  -99999.000000,       0.000000,       0.000000,       0.000000,       0.000000,    0,   99999.000000,  -99999.000000,       0.000000,       0.000000,       0.000000,'',
#,MDCLN1,
         1,       1.000000,       0.000000,       0.000000,       0.000000,       0.000000,       0.000000,    0,       0.000000,       0.000000,       1.000000,       0.400000,       1.200000,       0.006000,       0.002000,       0.200000,       1.000000,    1,    1,       0.000000,    0,       0.350000,      89.350000, 1000,       0.810000,      48.860000,  999999.900000,    0,       1.000000,      15.323000, 6000,       2.929000,      70.604000,  999999.900000,    0,       0.350000,      89.350000,10000,       0.810000,      48.860000,  999999.900000,    0,       1.000000,      15.323000, 6000,       2.929000,      70.604000,  999999.900000,      17.000000,      15.000000,    0,       0.010000,       0.010000,       1.500000,    0,       0.100000,     930.000000,       1.500000,'',
#,OE1,
         3,      10.000000,      16.000000,       8.000000,      20.000000,       7.600000,       4.000000,      20.000000,       0.100000,       0.200000,    1,    1,'',
         4,      10.000000,      16.000000,       2.900000,       2.523000,       2.755000,       4.000000,      20.000000,       0.100000,       0.200000,    1,    1,'',
#,LE2,
         1,    1,       1.000000,       1.000000,       1.000000,       0.000000,       0.000000,       0.000000,       0.000000,       0.000000,       0.000000,       0.000000,       0.000000,       0.000000,       0.000000,'',
#,DS4,
         1,       0.050000,       1.000000,       1.000000,      -1.000000,       0.030000,      -0.030000,       1.000000,       5.000000,       5.000000,       0.100000,       0.500000,    3200.000000,       0.050000,       1.000000,       1.000000,      -1.000000,       0.030000,      -0.030000,       1.000000,       5.000000,       5.000000,       0.100000,       0.500000,    3200.000000,    9999.990000,   -9999.990000,'',
#,PSS8,
         1,       1.000000,       0.010000,       0.010000,       0.010000,       0.010000,       0.010000,       0.010000,       0.010000,       0.100000,      -0.100000,'',
#,PMAC,
         1,       0.020000,       1.000000,       1.000000,       1.000000,       0.100000,       0.000000,      30.000000,       0.971000,       1.029000,       0.981000,       1.019000,'',
#,DFIG2,
         1,    1,       1.500000, 1500,       1.920000,       0.009800,       0.009300,       0.086000,       0.094700,       4.100000,       0.020000,       0.000000,       0.000000,       0.000000,   -0.419090000000000,    0.218080000000000,   -0.012406000000000,   -0.000133650000000,    0.000011524000000,   -0.067606000000000,    0.060405000000000,   -0.013934000000000,    0.001068300000000,   -0.000023895000000,    0.015727000000000,   -0.010996000000000,    0.002149500000000,   -0.000148550000000,    0.000002793700000,   -0.000860180000000,    0.000570510000000,   -0.000104790000000,    0.000005992400000,   -0.000000089194000,    0.000014787000000,   -0.000009483900000,    0.000001616700000,   -0.000000071535000,    0.000000000496860,      11.800000,       0.000000,       3.000000,      25.000000,       1.390000,       0.000000,       0.000000,    0,      35.200000,      15.400000,       8.660000,       1.200000,       0.000000,       0.000000,       0.000000,    1,       1.390000,       2.300000,     999.900000,    -999.900000,     999.900000,       0.000000,     999.900000,    -999.900000,       0.050000,      60.000000,       0.000000,       3.000000,       0.600000,    1,       0.200000,       0.580000,       0.400000,       0.720000,       0.600000,       0.860000,       0.800000,       1.000000,     150.000000,      25.000000,       3.000000,      30.000000,       0.200000,       0.300000,      27.000000,       0.000000,      10.000000,     -10.000000,    0,      10.000000,       0.002500,       1.000000,       5.500000,       0.100000,      -1.000000,       0.100000,       0.000000,       0.500000,       0.050000,       4.000000,    0,       0.200000,      10.000000,       0.900000,       0.900000,       1.300000,       1.300000,       0.150000,       0.750000,       0.700000,       2.500000,       1.300000,       1.100000,       0.020000,       1.330000,    1,       1.000000,       1.000000,       0.000000,       0.000000,       0.000000,       0.000000,    1,    1,    0,       0.200000,     999.900000,       0.400000,     999.900000,       0.600000,     999.900000,       0.800000,     999.900000,       0.200000,     999.900000,       0.400000,     999.900000,       0.600000,     999.900000,       0.800000,     999.900000,       0.010000,       0.010000,       0.010000,       0.010000,    0,       0.000000,    1,      -0.000600,       0.000600,      10.000000,      10.000000,       0.100000,      -0.200000,     999.900000,    -999.900000,       0.100000,       0.500000,       1.100000,       0.000000,       0.000000,    0,    0,    0,       0.000000,       0.000000,       0.000000,       0.000000,       0.000000,     999.900000,    -999.900000,       0.100000,       0.500000,       0.000000,       0.000000,     999.900000,    -999.900000,       0.100000,       0.500000,       1.100000,      -1.100000,       0.000000,       0.020000,       1.100000,       0.000000,       1.100000,      -1.100000,     999.900000,    -999.900000,     999.900000,    -999.900000,       1.100000,       0.000000,       1.100000,      -1.100000,       1.100000,      -1.100000,       0.000000,    1,       0.020000,       0.100000,       2.000000,       0.010000,    0,    1,    3,       0.010000,       0.010000,       1.000000,       5.000000,       1.100000,       0.900000,       1.000000,       5.000000,       0.100000,       2.000000,      -0.100000,       0.100000,       0.000000,       1.000000,      -1.000000,    2,       0.500000,       0.000000,       0.000000,       0.500000,       0.000000,       0.200000,       0.900000,       1.220000,    2,       1.000000,       0.200000,       1.500000,       1.000000,       0.000000,    0,       0.500000,       0.000000,       0.000000,    0,       0.000000,       0.000000,    0,       0.000000,       0.000000,       0.000000,       0.000000,       0.000000,    2,       0.100000,       0.000000,       0.500000,       1.000000,       0.000000,    0,       0.000000,       0.000000,       0.000000,    0,       0.000000,       0.000000,    1,       3.000000,       0.500000,       0.707600,      -0.002256,     -69.340000,      -2.190000,       2.210000,    0,       2.718280,    0,       0.000000,       0.000000,       0.000000,       0.000000,       0.000000,       0.000000,       0.000000,       0.000000,    1,    1,       0.000000,       0.000000,       0.000000,       0.000000,       0.000000,       0.000000,       0.000000,       0.000000,       0.000000,       0.000000,'2ÐÍË«À¡',
#,PMSG2,
         1,    2,       1.500000, 1500,       1.920000,       0.009800,       0.009300,       0.086000,       0.094700,       4.100000,       0.020000,       0.000000,       0.000000,       0.000000,   -0.419090000000000,    0.218080000000000,   -0.012406000000000,   -0.000133650000000,    0.000011524000000,   -0.067606000000000,    0.060405000000000,   -0.013934000000000,    0.001068300000000,   -0.000023895000000,    0.015727000000000,   -0.010996000000000,    0.002149500000000,   -0.000148550000000,    0.000002793700000,   -0.000860180000000,    0.000570510000000,   -0.000104790000000,    0.000005992400000,   -0.000000089194000,    0.000014787000000,   -0.000009483900000,    0.000001616700000,   -0.000000071535000,    0.000000000496860,      11.800000,       0.000000,       3.000000,      25.000000,       1.390000,       0.000000,       0.000000,    0,      35.200000,      15.400000,       8.660000,       1.200000,       0.000000,       0.000000,       0.000000,    1,       1.390000,       2.300000,     999.900000,    -999.900000,     999.900000,       0.000000,     999.900000,    -999.900000,       0.050000,      60.000000,       0.000000,       3.000000,       0.600000,    1,       0.200000,       0.580000,       0.400000,       0.720000,       0.600000,       0.860000,       0.800000,       1.000000,     150.000000,      25.000000,       3.000000,      30.000000,       0.200000,       0.300000,      27.000000,       0.000000,      10.000000,     -10.000000,    0,      10.000000,       0.002500,       1.000000,       5.500000,       0.100000,      -1.000000,       0.100000,       0.000000,       0.500000,       0.050000,       4.000000,    0,       0.200000,      10.000000,       0.900000,       0.900000,       1.300000,       1.300000,       0.150000,       0.750000,       0.700000,       2.500000,       1.300000,       1.100000,       0.020000,       1.330000,    1,       1.000000,       1.000000,       0.000000,       0.000000,       0.000000,       0.000000,    1,    1,    0,       0.200000,     999.900000,       0.400000,     999.900000,       0.600000,     999.900000,       0.800000,     999.900000,       0.200000,     999.900000,       0.400000,     999.900000,       0.600000,     999.900000,       0.800000,     999.900000,       0.010000,       0.010000,       0.010000,       0.010000,    0,       0.000000,    1,      -0.000600,       0.000600,      10.000000,      10.000000,       0.100000,      -0.200000,     999.900000,    -999.900000,       0.100000,       0.500000,       1.100000,       0.000000,       0.000000,    0,    0,    0,       0.000000,       0.000000,       0.000000,       0.000000,       0.000000,     999.900000,    -999.900000,       0.100000,       0.500000,       0.000000,       0.000000,     999.900000,    -999.900000,       0.100000,       0.500000,       1.100000,      -1.100000,       0.000000,       0.020000,       1.100000,       0.000000,       1.100000,      -1.100000,     999.900000,    -999.900000,     999.900000,    -999.900000,       1.100000,       0.000000,       1.100000,      -1.100000,       1.100000,      -1.100000,       0.010000,    1,       0.020000,       0.100000,       2.000000,       0.010000,    0,    1,    3,       0.010000,       0.010000,       1.000000,       5.000000,       1.100000,       0.900000,       1.000000,       5.000000,       0.100000,       2.000000,      -0.100000,       0.100000,       0.000000,       1.000000,      -1.000000,    2,       0.500000,       0.000000,       0.000000,       0.500000,       0.000000,       0.200000,       0.900000,       1.220000,    2,       1.000000,       0.200000,       1.500000,       1.000000,       0.000000,    0,       0.500000,       0.000000,       0.000000,    0,       0.000000,       0.000000,    0,       0.000000,       0.000000,       0.000000,       0.000000,       0.000000,    2,       0.100000,       0.000000,       0.500000,       1.000000,       0.000000,    0,       0.000000,       0.000000,       0.000000,    0,       0.000000,       0.000000,    1,       3.000000,       0.500000,       0.707600,      -0.002256,     -69.340000,      -2.190000,       2.210000,    0,       2.718280,    0,       0.000000,       0.000000,       0.000000,       0.000000,       0.000000,       0.000000,       0.000000,       0.000000,    1,    1,       0.000000,       0.000000,       0.000000,       0.000000,       0.000000,       0.000000,       0.000000,       0.000000,       0.000000,       0.000000,'2ÐÍÖ±Çý',
#,PV2,
         1,    1,       1.500000,    1000.000000,       0.000500,       0.800000,       0.200000,       0.600000,     200.000000,       0.900000,       0.900000,       1.300000,       1.300000,       0.000000,       0.850000,       0.150000,       3.000000,       1.300000,       1.200000,       0.500000,      10.000000,    1,       1.000000,       1.000000,       0.000000,       0.000000,       0.000000,       0.000000,    1,    1,    0,       0.200000,     999.900000,       0.400000,     999.900000,       0.600000,     999.900000,       0.800000,     999.900000,       0.200000,     999.900000,       0.400000,     999.900000,       0.600000,     999.900000,       0.800000,     999.900000,       0.010000,       0.010000,       0.010000,       0.010000,    0,       0.000000,    1,      -0.000600,       0.000600,      10.000000,      10.000000,       0.100000,      -0.200000,     999.900000,    -999.900000,       0.100000,       0.500000,       1.100000,       0.000000,       0.000000,    0,    0,    0,       0.000000,       0.000000,       0.000000,       0.000000,       0.000000,     999.900000,    -999.900000,       0.100000,       0.500000,       0.000000,       0.000000,     999.900000,    -999.900000,       0.100000,       0.500000,       1.100000,      -1.100000,       0.000000,       0.020000,       1.100000,       0.000000,       1.100000,      -1.100000,     999.900000,    -999.900000,     999.900000,    -999.900000,       1.100000,       0.000000,       1.100000,      -1.100000,       1.100000,      -1.100000,       0.010000,    1,       0.020000,       0.100000,       2.000000,       0.010000,    0,    1,    3,       0.010000,       0.010000,       1.000000,       5.000000,       1.100000,       0.900000,       1.000000,       5.000000,       0.100000,       2.000000,      -0.100000,       0.100000,       0.000000,       1.000000,      -1.000000,    2,       0.500000,       0.000000,       0.000000,       0.500000,       0.000000,       0.200000,       0.900000,       1.220000,    2,       1.000000,       0.200000,       1.500000,       1.000000,       0.000000,    0,       0.500000,       0.000000,       0.000000,    0,       0.000000,       0.000000,    0,       0.000000,       0.000000,       0.000000,       0.000000,       0.000000,    2,       0.100000,       0.000000,       0.500000,       1.000000,       0.000000,    0,       0.000000,       0.000000,       0.000000,    0,       0.000000,       0.000000,    1,       3.000000,       0.500000,       0.707600,      -0.002256,     -69.340000,      -2.190000,       2.210000,    0,       2.718280,    0,       0.000000,       0.000000,       0.000000,       0.000000,       0.000000,       0.000000,       0.000000,       0.000000,    1,    1,       0.000000,       0.000000,       0.000000,       0.000000,       0.000000,       0.000000,       0.000000,       0.000000,       0.000000,       0.000000,'2ÐÍ¹â·ü',
#,BESS,
         1,    2,       1.500000,    1000.000000,       0.000500,       0.800000,       0.200000,       0.600000,     200.000000,       0.900000,       0.900000,       1.300000,       1.300000,       0.000000,       0.850000,       0.150000,       3.000000,       1.300000,       1.200000,       0.500000,      10.000000,    1,       1.000000,       1.000000,       0.000000,       0.000000,       0.000000,       0.000000,    1,    1,    0,       0.200000,     999.900000,       0.400000,     999.900000,       0.600000,     999.900000,       0.800000,     999.900000,       0.200000,     999.900000,       0.400000,     999.900000,       0.600000,     999.900000,       0.800000,     999.900000,       0.010000,       0.010000,       0.010000,       0.010000,    1,       0.000000,    1,      -0.000600,       0.000600,      10.000000,      10.000000,       1.000000,      -1.000000,     999.900000,    -999.900000,       0.100000,       0.500000,       1.100000,       0.000000,       0.000000,    0,    0,    0,       0.000000,       0.000000,       0.000000,       0.000000,       0.000000,     999.900000,    -999.900000,       0.100000,       0.500000,       0.000000,       0.000000,     999.900000,    -999.900000,       0.100000,       0.500000,       1.100000,      -1.100000,       0.000000,       0.020000,       1.100000,       0.000000,       1.100000,      -1.100000,     999.900000,    -999.900000,     999.900000,    -999.900000,       1.100000,       0.000000,       1.100000,      -1.100000,       1.100000,      -1.100000,       0.010000,    1,       0.020000,       0.100000,       2.000000,       0.010000,    1,    1,    4,       0.010000,       0.010000,       1.000000,       5.000000,       1.100000,       0.900000,       1.000000,       5.000000,       0.100000,       2.000000,      -0.100000,       0.100000,       0.000000,       1.000000,      -1.000000,    0,       0.500000,       0.000000,       0.000000,       0.500000,       0.000000,       0.200000,       0.900000,       1.220000,    0,       1.000000,       0.200000,       1.500000,       1.000000,       0.000000,    0,       0.500000,       0.000000,       0.000000,    0,       0.000000,       0.000000,    0,       0.000000,       0.000000,       0.000000,       0.000000,       0.000000,    0,       0.100000,       0.000000,       0.500000,       1.000000,       0.000000,    0,       0.000000,       0.000000,       0.000000,    0,       0.000000,       0.000000,    0,       3.000000,       0.500000,       0.707600,      -0.002256,     -69.340000,      -2.190000,       2.210000,    0,       2.718280,    0,       0.000000,       0.000000,       0.000000,       0.000000,       0.000000,       0.000000,       0.000000,       0.000000,    1,    1,       0.000000,       0.000000,       0.000000,       0.000000,       0.000000,       0.000000,       0.000000,       0.000000,       0.000000,       0.000000,'1ÐÍ´¢ÄÜ',
#,UPFCSS,
         1,       0.010000,       0.010000,      10.000000,     -10.000000,       0.000000,       0.010000,       0.010000,      10.000000,     -10.000000,       0.000000,       0.200000,       0.000000,       0.010000,       0.010000,      10.000000,       0.100000,'',
#,LCC6,
         1,       0.000100,       0.010000,       0.100000,       0.000000,       7.000000,       0.017900,    2800.000000,       0.200000,      10.000000,       0.900000,       0.000000,       0.000300,       0.000000,    2,    1,       0.020000,       1.200000,       3.000000,       1.050000,    7200.000000,    3,      15.000000,     100.000000,    -100.000000,       0.700000,       1.000000,       0.100000,       0.700000,       0.001000,       0.700000,     100.000000,       0.100000,       0.100000,       0.780000,       0.040000,       0.015000,       0.345000,       0.100000,    1,       2.000000,       0.150000,       0.150000,       0.300000,       0.150000,       0.070000,       0.012000,       0.012000,       0.020000,       0.000000,       0.002000,       0.800000,       0.020000,       0.050000,       0.900000,       0.030000,       0.600000,       0.150000,       0.600000,       0.020000,       0.060000,       0.700000,       0.003000,    1,       0.000000,       0.010000,       0.160000,       0.012000,       0.015000,      -0.050000,     164.000000,      90.000000,       0.000000,     110.000000,       1.000000,       0.600000,       0.700000,      30.000000,      30.000000,     200.000000,       0.020000,       0.030000,       0.020000,       0.050000,       0.600000,       0.600000,       0.020000,       0.001000,      10.000000,      10.000000,       1.100000,       0.000500,       0.000500,       0.025000,     500.000000,       0.500000,       6.000000,     200.000000,     150.000000,    -150.000000,       0.300000,       0.100000,       0.015000,     164.000000,       0.150000,       0.150000,       0.150000,      60.000000,       0.002000,       0.002000,       0.002000,       0.005000,       0.020000,       0.110000,    2,    1,       0.700000,       0.700000,      10.000000,      10.000000,       1.300000,       0.100000,       0.001100,      30.000000,       2.800000,      50.000000,       1.000000,       0.300000,      -2.000000,     -10.000000,      -0.040000,       0.040000,       1.000000,       1.990000,      -2.000000,      -1.000000,      -0.025000,       0.025000,       1.000000,       1.990000,       2.800000,      90.000000,       4.500000,       0.500000,       2.500000,      -2.500000,       0.025000,      -0.025000,       0.020000,      -0.020000,       0.000000,       0.100000,       0.600000,     100.000000,       0.400000,       0.020000,    1,       0.010000,       0.001000,       0.745800,       0.500000,     120.000000,      -6.000000,     -15.000000,      -0.057140,      -0.175000,      35.000000,      70.000000,     110.000000,      10.000000,       2.000000,       0.500000,     110.000000,     140.000000,      -5.000000,       0.003000,       0.800000,     164.000000,       0.060000,       0.060000,       0.200000,    0,       0.000000,       0.000000,       0.000000,       0.000000,       0.000000,       0.000000,       0.000000,       0.000000,       0.000000,       0.000000,       0.000000,       0.000000,       0.000000,       0.000000,       0.000000,       0.000000,       0.000000,       0.000000,'',
#,SVC5,
         1,     100.000000,       0.010000,       0.010000,       0.010000,       0.000000,       0.000000,  600,       0.004000,       0.020000,  200,    2,       0.600000,      -0.600000,       1.500000,      -1.500000,       0.010000,    0,       0.500000,       0.010000,       0.800000,       0.100000,    0,       0.600000,       0.030000,       0.900000,       0.200000,       0.000000,    0,       1.200000,       0.020000,       1.100000,       0.020000,       0.000000,    0,       0.000000,       0.000000,       0.000000,       0.000000,       0.000000,       0.000000,       0.000000,       0.000000,    0,       0.000000,       0.000000,       0.000000,       0.000000,       0.000000,       0.000000,       0.000000,       0.000000,    0,       0.000000,       0.000000,       0.000000,       0.000000,       0.000000,       0.000000,       0.000000,       0.000000,    0,       0.000000,       0.000000,       0.000000,       0.000000,       0.000000,       0.000000,       0.000000,       0.000000,       0.000000,       0.000000,       0.000000,       0.000000,       0.000000,       0.000000,       0.000000,       0.000000,       0.000000,       0.000000,       0.000000,       0.000000,'',
#,LFOD_VSC,
         1,    4,    2,    1,       0.020000,       1.000000,       0.100000,      10.000000,       5.000000,       3.140000,       3.140000,      10.000000,      10.000000,       0.050000,      -0.050000,'',
